Greedy Best-First Search: 
7 2 4 
5   6 
8 3 1 
  |
  V
7 2 4 
  5 6 
8 3 1 
  |
  V
  2 4 
7 5 6 
8 3 1 
  |
  V
2   4 
7 5 6 
8 3 1 
  |
  V
2 4   
7 5 6 
8 3 1 
  |
  V
2 4 6 
7 5   
8 3 1 
  |
  V
2 4 6 
7   5 
8 3 1 
  |
  V
2   6 
7 4 5 
8 3 1 
  |
  V
  2 6 
7 4 5 
8 3 1 
  |
  V
7 2 6 
  4 5 
8 3 1 
  |
  V
7 2 6 
4   5 
8 3 1 
  |
  V
7 2 6 
4 3 5 
8   1 
  |
  V
7 2 6 
4 3 5 
  8 1 
  |
  V
7 2 6 
  3 5 
4 8 1 
  |
  V
  2 6 
7 3 5 
4 8 1 
  |
  V
2   6 
7 3 5 
4 8 1 
  |
  V
2 6   
7 3 5 
4 8 1 
  |
  V
2 6 5 
7 3   
4 8 1 
  |
  V
2 6 5 
7 3 1 
4 8   
  |
  V
2 6 5 
7 3 1 
4   8 
  |
  V
2 6 5 
7 3 1 
  4 8 
  |
  V
2 6 5 
  3 1 
7 4 8 
  |
  V
2 6 5 
3   1 
7 4 8 
  |
  V
2   5 
3 6 1 
7 4 8 
  |
  V
  2 5 
3 6 1 
7 4 8 
  |
  V
3 2 5 
  6 1 
7 4 8 
  |
  V
3 2 5 
6   1 
7 4 8 
  |
  V
3 2 5 
6 1   
7 4 8 
  |
  V
3 2   
6 1 5 
7 4 8 
  |
  V
3   2 
6 1 5 
7 4 8 
  |
  V
3 1 2 
6   5 
7 4 8 
  |
  V
3 1 2 
6 4 5 
7   8 
  |
  V
3 1 2 
6 4 5 
  7 8 
  |
  V
3 1 2 
  4 5 
6 7 8 
  |
  V
  1 2 
3 4 5 
6 7 8 
Number of Moves : 34
A* Search: 
7 2 4 
5   6 
8 3 1 
  |
  V
7 2 4 
  5 6 
8 3 1 
  |
  V
  2 4 
7 5 6 
8 3 1 
  |
  V
2   4 
7 5 6 
8 3 1 
  |
  V
2 4   
7 5 6 
8 3 1 
  |
  V
2 4 6 
7 5   
8 3 1 
  |
  V
2 4 6 
7   5 
8 3 1 
  |
  V
2   6 
7 4 5 
8 3 1 
  |
  V
  2 6 
7 4 5 
8 3 1 
  |
  V
7 2 6 
  4 5 
8 3 1 
  |
  V
7 2 6 
4   5 
8 3 1 
  |
  V
7 2 6 
4 3 5 
8   1 
  |
  V
7 2 6 
4 3 5 
  8 1 
  |
  V
7 2 6 
  3 5 
4 8 1 
  |
  V
  2 6 
7 3 5 
4 8 1 
  |
  V
2   6 
7 3 5 
4 8 1 
  |
  V
2 6   
7 3 5 
4 8 1 
  |
  V
2 6 5 
7 3   
4 8 1 
  |
  V
2 6 5 
7 3 1 
4 8   
  |
  V
2 6 5 
7 3 1 
4   8 
  |
  V
2 6 5 
7 3 1 
  4 8 
  |
  V
2 6 5 
  3 1 
7 4 8 
  |
  V
2 6 5 
3   1 
7 4 8 
  |
  V
2   5 
3 6 1 
7 4 8 
  |
  V
  2 5 
3 6 1 
7 4 8 
  |
  V
3 2 5 
  6 1 
7 4 8 
  |
  V
3 2 5 
6   1 
7 4 8 
  |
  V
3 2 5 
6 1   
7 4 8 
  |
  V
3 2   
6 1 5 
7 4 8 
  |
  V
3   2 
6 1 5 
7 4 8 
  |
  V
3 1 2 
6   5 
7 4 8 
  |
  V
3 1 2 
6 4 5 
7   8 
  |
  V
3 1 2 
6 4 5 
  7 8 
  |
  V
3 1 2 
  4 5 
6 7 8 
  |
  V
  1 2 
3 4 5 
6 7 8 
  |
  V
Number of Moves : 34